15991
31159
1383
40738
17078
19119
42375
13555
14848
10328
119
45979
23494
10269
48228
1629
31547
33897
47195
8327
31040
14747
18857
39870
11022
45602
34617
437
35858
39359
17748
29658
36498
44125
41899
1529
40026
48112
15806
28718
25420
48775
36501
46812
26829
17379
28480
3151
21877
43590
6418
37285
21829
25372
24985
25022
12862
14186
22744
19172
9343
36589
25669
47178
4544
48142
46632
27561
39942
27776
37167
7046
16453
5392
16544
15860
36811
3880
19960
36896
21087
46119
15368
22761
14361
11639
44007
6684
42120
22467
20097
9056
2382
46285
7738
46168
38326
5237
35329
35931
532
38276
12181
44691
24914
37754
33020
40767
41915
12710
31657
33368
24633
31530
27603
17231
48407
42260
19046
39033
15094
20899
8917
27118
110
24323
34834
8424
45781
40638
33014
40134
27235
5940
49944
41011
46204
48720
34311
21518
19069
34418
15920
22345
14399
16877
24305
14584
17354
8865
29109
1809
16484
48031
38246
29637
33701
9455
10576
30906
42426
9355
2912
40187
15642
31971
22532
30239
15514
18392
16305
14754
47240
25461
7368
26503
41157
7234
47697
7353
40645
5835
43390
46228
43654
42246
32238
4543
6579
41595
41298
36840
38887
32894
3429
34269
46373
4761
19312
27528
16322
37304
46111
33800
45909
40437
2496
37550
4465
5083
37258
29897
38046
8461
19847
44004
19910
9019
28910
36502
41408
24218
29237
48496
28627
3068
28898
29907
42490
16929
18794
36266
14124
26689
22151
3467
13529
42066
8321
11387
959
24131
42024
2975
8477
12191
49610
4166
40599
23627
32881
9074
32406
45232
12410
11871
20298
19136
36917
23743
7675
20870
11179
17314
3701
47735
19842
33895
24326
13226
11395
24617
30413
27520
41000
9257
23373
685
10948
30226
7741
48125
18521
26678
28850
48632
11072
8054
22593
26809
3624
46587
42677
10844
47086
16603
17803
13014
40186
31203
48330
24986
40706
25027
18490
21544
32220
45714
35699
40293
10041
20018
17286
5854
21271
11528
6576
5990
42692
47114
1233
3878
46392
15256
8540
20927
29038
25247
36679
28556
29390
49715
48715
836
6359
8539
17325
13840
7853
10827
24278
29182
41481
44754
34382
42363
19653
5458
16512
16775
12318
23406
6438
35530
22327
38857
5826
43286
27823
50016
2208
33065
35574
14505
46123
9669
2066
21731
7333
11796
35476
2847
34627
36939
41346
23294
22730
39819
16452
13746
49107
12506
12649
42441
36351
704
45479
20593
40558
47955
17827
17658
45687
26835
942
45314
37073
4766
44162
32588
16150
15134
5844
48113
14096
14924
28352
38529
29106
48523
49251
27452
36148
11870
12434
910
26232
36746
29814
25698
29190
30287
27841
42972
2871
25285
42978
11035
17805
20703
15409
28929
23780
37740
50134
35490
25206
35186
10132
16019
11095
34148
7484
8790
21811
4101
31109
48962
5076
45970
14456
9047
26057
16587
5718
18383
17066
10924
37016
45496
18127
22745
18237
42792
21868
1523
16116
16245
10478
48512
46538
11352
34532
3048
7612
13586
32980
13954
46462
41462
9007
23455
41127
17934
29208
27355
34793
11354
3286
31517
23926
22177
27152
27543
31639
23394
13518
42464
28169
48762
23190
46497
25315
12625
40008
3931
19454
3851
9134
38970
3263
8845
38535
2365
6654
25350
26294
41721
23779
2384
9432
48152
14672
36838
49059
37227
12721
7054
13131
48410
4409
14677
10595
20250
43550
564
9651
50080
31121
46663
25358
47528
3313
14004
8144
16311
25015
44318
34336
5578
9585
43621
48899
38539
29966
6328
47704
29600
29432
7278
30698
6005
8722
34401
10877
32395
39321
26202
49589
24396
27890
5259
2878
44615
27278
5544
20374
7766
11484
10039
48364
33486
26782
43020
24259
21550
48579
15420
10767
16059
12696
42952
36043
2731
5836
27060
1008
33369
24018
36240
25196
11223
17233
40406
11276
6469
34444
41302
41610
21371
32086
17139
13020
37982
4373
44947
43929
24244
1137
23153
34950
2476
43681
9435
19239
8821
27660
27974
17258
44056
22762
21489
36556
6464
6900
14546
13497
46846
46710
48436
4430
22501
1739
47093
47741
430
11663
11238
28943
42762
7304
45078
5962
5788
11440
19445
9010
36747
40353
44237
17013
37142
1966
10141
20230
43243
33178
30887
49184
11818
35436
13324
8736
10766
26693
23347
39569
21453
48095
23694
38115
23469
31474
3428
43728
35556
25546
32426
41136
19949
16537
36170
45702
29527
32335
30746
21280
40490
5604
12380
35285
35093
31890
14709
23945
29193
34844
24953
29289
43871
35995
43272
23230
35032
38613
11983
2185
6109
43067
9101
23166
34355
15857
4131
38384
627
25827
28312
36733
3570
46136
39883
34271
40566
12661
32530
28107
5214
43340
23252
47502
19198
38653
22930
11304
33456
16791
13802
24781
29773
8075
33269
41913
25164
28039
40122
11880
31342
7101
43026
48435
46029
34846
29979
34172
7590
3585
40005
5778
41783
21886
36313
362
12390
3412
18367
33618
3590
5066
23987
20843
44623
41322
41825
24918
1030
39241
47669
1846
48571
36999
13102
10580
22441
25520
28567
17898
24006
15637
31436
45636
33537
48333
18449
48509
16068
37995
26170
34845
40006
34705
30606
299
50190
13547
2150
35671
10563
1499
29935
7784
32885
13346
45788
7420
24799
20156
6653
6128
49404
45931
12348
45960
7860
34973
17096
12393
29303
9988
30381
19931
4962
44942
19929
41357
46726
12513
6549
16270
40468
39607
26381
13807
1976
48680
762
39117
47510
13260
5941
31375
39836
8084
14448
43483
49680
7065
7008
41694
1825
2239
40223
28534
22480
25735
2648
33355
5814
25620
43327
13167
48807
14240
27748
1311
38014
19580
3401
40072
38825
16473
6891
30270
2840
18679
37480
46070
17933
39432
45033
29861
7243
5293
42342
16552
31105
48281
42267
2969
24096
21681
2319
8858
37620
17699
37233
7173
14882
30498
14113
42218
29963
39130
26992
30255
34024
47252
6928
45233
27116
49012
18914
26586
9102
12883
39572
41534
23829
49299
43221
34189
34250
5227
48537
1679
1320
34151
33455
520
48930
5200
25024
33069
43266
8680
37676
7802
43861
12697
8856
42772
15576
46325
25742
27218
8767
24287
22112
26581
1097
12047
28834
13052
14996
35788
43405
21922
3802
49001
7296
12248
30295
6135
26589
13170
65
45829
9654
35892
7534
49513
42623
37290
41468
4020
37899
17655
32390
16711
3852
