init_idx = 8888

reference energy tensor([-211.7373], dtype=torch.float64)
overall energy from atoms -32861.01891612088
NOTE THAT 32861.0189 + 211.7373 = 33072.7562

with the molecule from the spice test dataset:
potential energy calculated by DFT: -33072.75616882284
forces calculated by DFT: [[ 0.18927791 -0.14901012  0.40614997]
 [-0.61620227  0.95543179 -0.52441206]
 [-0.02664405  0.59871309 -1.38990213]
 [-0.26652132  0.71547626  0.29594771]
 [ 0.7380104   0.61270823  0.09010015]
 [-0.40512336 -0.49790859 -0.93592345]
 [-0.19003816 -1.19226393  0.51886458]
 [-0.86242887 -2.28269644  1.23181288]
 [-1.14598312 -0.08228451  0.1864383 ]
 [-1.78110692  0.35505581 -0.51744322]
 [ 0.87495842  3.14741831  1.41632604]
 [ 0.37952836  0.96035968 -0.12258757]
 [-1.11239494 -1.16006507  0.84828649]
 [ 1.44433399  0.32113391 -0.31343382]
 [ 1.26795961  0.15454253  0.11988574]
 [-0.457547   -3.76165657 -0.50481537]
 [ 0.59074283  0.5019116  -0.41934955]
 [-0.96917894  0.04777766 -0.34523567]
 [ 0.22672663  0.1565819  -0.14091124]
 [-0.19752566  0.01957132 -0.69175601]
 [ 0.08429229 -0.34254056 -0.5224531 ]
 [-0.5486192   0.41456711 -0.54511633]
 [-0.16040339 -0.23814206  0.83107069]
 [-0.13396711 -0.51112561  0.15964848]
 [ 0.64501948 -0.41648803 -0.32187359]
 [-0.14904333  0.44855254  0.18645429]
 [ 0.03924923  0.20233439 -0.28838911]
 [ 0.16150543 -0.27093816 -0.24287335]
 [ 0.31715083  0.34582942 -0.0625124 ]
 [ 0.37831109 -0.14941634 -0.0743546 ]
 [ 1.05726726  0.31839835 -1.18612719]
 [ 0.2546399   0.44607945  0.38975605]
 [ 0.07462916 -0.20325009  0.36296334]
 [-0.07950361  0.16285173  0.31163634]
 [-0.22938297 -0.25801726 -0.12318753]
 [ 0.31115013  0.03737504 -0.34501955]
 [ 0.26219793 -0.50279598  0.05527376]
 [ 0.27245954  0.18500061  0.2934729 ]
 [-0.24884648  0.302143    0.4793619 ]
 [ 0.45010498  0.3449087  -0.16098177]
 [ 0.04695757 -0.18088387  0.02198184]
 [ 0.43725664  0.08994511  0.28713626]
 [-0.1730076  -0.02973521 -0.01252619]
 [ 0.00575534  0.01191875  0.32416804]
 [-0.12553955  0.03471149  0.21366081]
 [-0.07115501 -0.04053163 -0.31714074]
 [-0.02051878  0.03279095  0.29077441]
 [-0.54328456  0.34650054  0.79076479]]

with the traj[0] from the simulation (atoms.traj file):
overall energy from atoms -32861.01891612088 (should be same as before)
potential energy calculated by DFT: -33072.756168832246
forces calculated by DFT: [[ 0.18928043 -0.14900593  0.40615223]                                                        
 [-0.61620207  0.95543881 -0.52441632]                                                        
 [-0.02664256  0.59869546 -1.38988321]                                                        
 [-0.266513    0.71547208  0.29595178]                                                        
 [ 0.73801023  0.61271529  0.09009552]                                                        
 [-0.40512621 -0.497915   -0.93592666]                                                        
 [-0.19002862 -1.19229366  0.51887034]                                                        
 [-0.86242502 -2.28268478  1.23178247]                                                        
 [-1.14598744 -0.08227698  0.18642566]                                                        
 [-1.78111818  0.35504213 -0.51745569]                                                        
 [ 0.87496316  3.14742853  1.41633206]                                                        
 [ 0.37953685  0.9603709  -0.12258282]                                                        
 [-1.11237875 -1.16006605  0.84829708]                                                        
 [ 1.44433495  0.32112943 -0.31342869]                                                        
 [ 1.2679525   0.15454215  0.11988664]                                                        
 [-0.45753899 -3.76166286 -0.50481045]                                                        
 [ 0.5907388   0.50191343 -0.41934885]                                                        
 [-0.96918199  0.04777172 -0.34524069]                                                        
 [ 0.22672273  0.15657503 -0.14091661]                                                        
 [-0.19751752  0.01958046 -0.69174184]                                                        
 [ 0.08428505 -0.34252942 -0.52245373]                                                        
 [-0.54861922  0.41456032 -0.5451276 ]                                                        
 [-0.16040504 -0.23813383  0.83107287]                                                        
 [-0.13396923 -0.51112056  0.15966423]                                                        
 [ 0.64501836 -0.41648447 -0.32187782]                                                        
 [-0.14904856  0.44855132  0.18645665]                                                        
 [ 0.03924786  0.20233212 -0.28838821]                                                        
 [ 0.16150449 -0.27093681 -0.24287624]                                                        
 [ 0.31714678  0.34583143 -0.06251262]
 [ 0.37831378 -0.14941697 -0.07435469]                                                        
 [ 1.05725984  0.31839622 -1.18612585]                                                        
 [ 0.25464234  0.44608717  0.38975805]                                                        
 [ 0.07462904 -0.20325169  0.36296391]                                                        
 [-0.0795037   0.16285229  0.31163409]                                                        
 [-0.22938132 -0.25801526 -0.12318566]                                                        
 [ 0.31114903  0.03737441 -0.34501765]                                                        
 [ 0.26219753 -0.50279533  0.05527356]                                                        
 [ 0.27246036  0.18499974  0.29347302]                                                        
 [-0.24884745  0.30214449  0.47935854]                                                        
 [ 0.45010164  0.34491426 -0.16098281]                                                        
 [ 0.04696204 -0.18088637  0.02197956]                                                        
 [ 0.43725122  0.08994082  0.2871335 ]                                                        
 [-0.1730073  -0.02973386 -0.01252556]                                                        
 [ 0.00575493  0.01191918  0.32416849]                                                        
 [-0.12554333  0.03470754  0.21366115]                                                        
 [-0.07115246 -0.04052642 -0.31713698]                                                        
 [-0.02052213  0.03279233  0.29077939]                                                        
 [-0.54328507  0.3464964   0.79075664]]
# THIS ONE IS BASICALLY IDENTICAL TO THE DATASET ONE
force l2 norm compared with dataset one is 1e-5


with the traj[55] from the simulation (atoms.traj file, not using traj[-1] because it gets very unstable by that point):
overall energy from atoms -32861.01891612088 (should be same as before)
potential energy calculated by DFT: -33072.064455771375
forces calculated by DFT:
[[-0.71720463  1.36986727 -0.5207922 ]                                                                                       
 [ 1.97417815 -0.97758815  0.51969586]                                                                                       
 [ 0.42862487 -1.1886706   0.46013237]                                                                                       
 [ 0.26033568 -0.07270727  0.80431306]                                                                                       
 [ 0.15454561  0.49808226 -0.12758996]                                                                                       
 [ 2.15868431 -1.15135924  0.13385686]                                                                                       
 [-3.03099226  0.64745719 -0.01234235]                                                                                       
 [-1.86331049  0.70377034  1.1487326 ]                                                                                       
 [ 0.72366308 -0.08041573 -0.54825915]                                                                                       
 [-0.24279938 -0.04697376 -0.47011543]                                                                                       
 [ 0.67328197  0.99392699  0.35455069]                                                                                       
 [ 1.36567477 -0.34632983 -0.41837201]                                                                                       
 [ 0.07500559  0.70069302 -1.01937954]                                                                                       
 [-0.96574257  0.01231322 -0.37082262]                                                                                       
 [-0.74893539 -0.83416453 -0.02246901]                                                                                       
 [-0.43139915 -2.2556082   0.20943339]                                                                                       
 [-0.79902817  2.22699476 -0.66751912]                                                                                       
 [-0.96948887 -0.43448788 -1.91795435]                                                                                       
 [-0.20243941 -1.24620365  2.83547345]
 [-1.62545822  0.47713557 -0.38177468]
 [-0.40395154  0.76068416 -0.3932515 ]
 [-0.24153756  0.20807591  0.02936104]
 [ 2.58758364  1.07360001  1.17852165]
 [-1.43226095 -0.86056877  0.18687047]
 [-0.2679458   0.30979613 -0.82259328]
 [ 0.13157203 -0.51327706 -0.46150761]
 [-0.08141581  0.16087962 -0.66481265]
 [ 0.026177   -0.2953927   0.30553528]
 [ 0.49273866 -0.46859295  1.28408575]
 [ 0.19056799  1.00634906 -0.50208424]
 [ 0.46186112  0.65476394  0.92705851]
 [-0.42404904 -0.03651632 -0.23676278]
 [-0.40997626 -0.26827821 -0.3135374 ]
 [ 0.30135668 -0.37320217 -0.25342343]
 [ 0.40365233 -1.61602336  1.16690544]
 [ 0.78739773  0.74421355  0.52600416]
 [-0.26634559  0.05815745  0.85631909]
 [-0.2523155   0.11542005 -0.19435517]
 [-0.09503601  0.23227225 -0.04459363]
 [ 0.74248943  0.8560851  -1.66314976]
 [ 0.92246988  0.57206448  0.0648942 ]
 [ 0.12639934 -0.20342159  0.05090857]
 [ 0.44444395 -0.52504256  0.51542465]
 [ 0.05693979  0.08759521 -0.10182032]
 [ 0.28639522 -0.51231223 -0.37424114]
 [-0.21631842 -0.14134646 -0.08136302]
 [-0.08316061 -0.52729144 -0.89061882]
 [-0.00730709  0.50596257 -0.07983488]]
# THIS ONE DEVIATES SIGNIFICANTLY FROM THE DATASET ONE
force l2 norm compared to dataset is 12.51
potential energy compared to dataset is also increased by ~700 meV


with the traj[25] from the simulation:
potential energy calculated by DFT: -33072.05607198851
forces calculated by DFT:
[[ 0.44955594 -0.29238757 -0.42561944]
 [ 0.40273907  0.4340415   0.1494808 ]
 [ 0.13125898  1.19126847  0.44989514]
 [-1.03806746 -0.15700016  0.3432938 ]
 [ 1.68597573  1.24428606  0.4549225 ]
 [-2.33806563  0.70541127  1.23294751]
 [-2.44453173 -1.9292849  -0.72491633]
 [-0.26086459 -1.08065665  0.76139692]
 [ 0.57150375  0.49191763  0.483948  ]
 [ 1.11541064 -0.80148047  0.73755366]
 [-0.13112918 -2.68777856  0.75869785]
 [-0.85694327 -0.67554816 -1.14720927]
 [ 0.04958876 -1.31525468 -1.38799395]
 [-0.83975225 -0.52907382  2.06940064]
 [ 0.08706602  0.21284643 -1.50820017]
 [-1.6313282   1.99095612 -0.04019763]
 [ 2.84317931 -0.14045114 -0.37287504]
 [-0.54420034 -1.67515927  0.49809497]
 [-0.24941493 -0.08737189  1.18492226]
 [-0.75915909  0.27965078 -0.80810167]
 [ 1.14183412 -0.12175702 -0.54408617]
 [ 1.01667713  0.92908173  0.65697946]
 [ 1.7003746  -0.05406657 -1.01157947]
 [-0.94230685 -0.25821246 -1.04062227]
 [-0.43977165  0.61077651 -0.53797511]
 [ 0.34156344  0.92594938 -0.14105023]
 [ 0.55372988  0.64602232  0.58522821]
 [-0.49502828  0.30542588  0.79775755]
 [-0.14539615  0.41676025 -1.03825857]
 [ 0.91661422 -0.38847083  0.92149023]
 [ 1.23386967 -1.32346303 -0.5631173 ]
 [ 0.40145271  0.81259885 -0.50138464]
 [-0.58864093 -0.3345835   0.07506397]
 [-0.60012192  0.0059699   0.49190999]
 [-0.46655425  0.08748275 -0.04011552]
 [-0.42820456  0.60363688 -0.30669859]
 [ 0.44004907  0.16936542 -0.85224919]
 [ 0.5709538   0.82914276  0.91655486]
 [-0.66230165 -0.29661789 -0.0124221 ]
 [ 0.08642415  0.16241923 -0.9000902 ]
 [-0.16117258  0.45014641 -0.21244804]
 [ 0.63453269  0.56372509  0.08310276]
 [-0.69181403  0.29693632  0.87468387]
 [-0.24990055  0.83525453  0.55215687]
 [ 0.32241953  0.07380996 -0.34668483]
 [-0.13972113 -0.51617657  0.74630963]
 [ 0.01628825 -0.46597173 -0.78600273]
 [ 0.38997668 -0.1469686  -0.57774486]]
potential energy compared to dataset is also increased by ~700 meV
the force is even worse 13.915264116795814

traj[15]
potential energy calculated by DFT: -33072.15759737331
forces calculated by DFT:
[[ 0.30805332  0.1149792  -0.32989821]
 [ 1.01426618  0.69192317  0.57330239]
 [-0.54505622  0.21223131  0.52777712]
 [ 0.44196669  0.03154481 -0.24531919]
 [-0.60339427 -0.72847922  0.09548406]
 [-1.42541265  0.68485626 -0.01753434]
 [-1.25219553  0.45103288 -0.40885989]
 [ 0.42029124 -0.3672477  -1.35539378]
 [ 0.86032182 -0.7042492   0.32326654]
 [ 3.53104948 -0.55848697 -0.92457588]
 [-2.3760313  -2.75340682  2.05186671]
 [ 0.64974731  0.23755551  1.14392372]
 [-0.38375352  2.47980277  0.1329605 ]
 [-2.16301355  1.9537097  -1.22936615]
 [ 0.56149702 -0.70353175  0.24729976]
 [ 1.51353265  2.1839966  -1.65281791]
 [ 1.37910137  0.58637416 -1.33722539]
 [-0.86839212  1.469661   -2.21489725]
 [ 0.31957037 -2.26876041  0.91197562]
 [-1.03138531  0.75179983 -0.76536006]
 [ 0.80411978  0.65944473 -0.62149044]
 [-0.12470051 -1.22418364 -0.07324479]
 [ 0.12613006  0.92320919 -0.17131586]
 [ 0.9909247  -0.51619423  0.30515751]
 [-0.18559539  0.32809942 -0.3669038 ]
 [ 0.20766588  0.21808634 -0.55076042]
 [-0.81381485  0.28966498  1.07965942]
 [ 0.24687424  1.05966512  0.18517593]
 [ 0.44165199 -1.00662296  0.76708327]
 [ 0.06496677  0.04132942 -0.12586859]
 [-0.24489716 -0.35946733  0.37659346]
 [-1.10671714 -1.45280868  0.56922112]
 [-0.16181778 -1.18969398  0.21861477]
 [-1.20942711  0.00687802  1.20890928]
 [ 0.34167446  0.17457051  0.2617893 ]
 [-0.75537089 -0.31040441 -0.26233835]
 [-0.33104833 -0.32562233  0.11789214]
 [ 2.04384797 -1.22440062  0.81152153]
 [-0.2794114   0.15755348  0.10448624]
 [-0.40650297  0.40287535 -0.42151456]
 [-0.54088222  0.63008183  0.06222961]
 [ 0.31415967 -0.50270636  0.40464323]
 [ 0.11342446 -0.2990424   0.35035048]
 [-0.25885065 -0.59460673  0.09815228]
 [ 0.49146133  0.18203739  0.16614419]
 [-0.17634035  0.06282099 -0.32687781]
 [ 0.46294643 -0.50809237  0.27944621]
 [-0.40393223  0.60700738  0.02727712]]
energy is still off by ~600 meV
force l2 norm compared to dataset is 15.69 (even worse!)

traj[25] from the 0.25 timestep simulation run (12.5ps)
potential energy calculated by DFT: -33072.22625452618
forces calculated by DFT:
[-0.05206467, 0.04203654, -0.12026579]
[1.51179713, 0.22000029, 0.58844762]
[-0.00903375, -0.31804473, 0.79329342]
[-0.89740728, 0.10414059, -0.03724907]
[-0.09023171, -0.44468368, 0.29903393]
[0.07483030, 0.51830087, 0.48376365]
[-1.39062834, -0.27491905, -1.70216335]
[-0.36029693, -0.08900681, -1.92531707]
[0.93704926, -0.57295556, 1.11508957]
[-0.89185167, 0.52020765, -0.54814385]
[0.73820840, 0.58984565, 0.35645440]
[0.17853080, 0.14254275, 0.66237030]
[-0.56105594, 0.05737951, 0.96496774]
[0.21607973, 0.75387827, -0.53577056]
[-0.88527292, -0.40145665, 0.49470132]
[-1.52386506, -2.03080755, 0.47019939]
[0.64928609, -0.36850585, 0.41317196]
[-0.75572704, 0.77557710, -1.20774584]
[0.41246804, 0.58978875, 0.46006506]
[-0.62369674, -1.66032243, 0.09620592]
[-1.02691269, -0.35494080, 0.98108243]
[1.49832133, 2.31208830, -0.70774459]
[-2.06714633, 0.44629380, 1.31976111]
[1.87359570, -0.88433193, -2.12119285]
[0.68310622, 0.35579871, -0.57701856]
[-0.27735908, 1.15020383, 0.10574604]
[0.52264489, -0.29695298, -1.13125955]
[0.00277906, -0.90276994, -0.32197471]
[0.27228824, -0.88626813, 0.45882794]
[-0.10993468, 0.28606805, 0.06919982]
[-0.98459426, -0.33739418, 0.62708109]
[1.78128292, 0.57718763, -0.66763503]
[-0.17936800, -0.12365004, -0.55632062]
[-0.05225855, -0.05418810, 0.46841911]
[-0.24974054, 0.16354408, -0.59608276]
[0.32406937, -0.16057637, 0.43597187]
[-0.03117297, -0.38187138, 0.20580754]
[0.31622744, 0.09482631, 1.11255307]
[0.48674917, 0.19109808, -0.03788247]
[-0.39478265, -0.01856121, -0.31837073]
[-0.35593788, 0.28758204, -0.12309831]
[0.39953842, -0.16168772, 0.01785610]
[1.01818170, 0.56702730, -0.70894573]
[0.53849853, -0.31225859, 0.22083673]
[-0.43164286, -0.20036564, 0.73674964]
[-0.61615741, -0.11307509, -0.26209040]
[0.80804115, -0.15021029, 0.34878330]
[-0.41874393, 0.75304298, -0.10123492]
energy off by ~500 meV
force error 11.32

traj[5] on 0.5 timestep:
potential energy calculated by DFT: -33072.40185852898
forces calculated by DFT:
[-0.20401513, 0.04708369, 0.19972337],
[1.47084411, 1.15576568, 0.29797842],
[0.26333554, 0.34865557, 0.74188330],
[0.10829603, -1.33817715, 0.12239697],
[2.67991102, -0.25181738, 1.48781027],
[0.62194149, -0.28578161, -1.08069728],
[-4.34188385, -1.25673114, -1.79776192],
[-0.03370086, 1.57540974, -0.79679757],
[-0.25355552, 0.91128129, 0.19995937],
[1.11661274, 2.43103833, 1.10957453],
[-1.11472762, -0.62920028, 0.13366500],
[0.55214257, 0.97834809, 0.56795466],
[-1.41400030, 0.32573579, 0.09747733],
[-0.10540010, -2.00782928, -0.24202957],
[1.43152052, 1.39458399, 0.49215115],
[0.78522658, -2.54150843, -1.27031401],
[-0.87195539, -0.62991116, 0.47703102],
[-1.42765172, -0.19817110, -0.45411590],
[0.19342223, -0.12813421, 0.81459036],
[-0.34349336, -0.11778043, -0.28764870],
[-0.88996748, -0.08485113, -0.14936947],
[0.48587045, 0.58409701, 0.90659089],
[-0.24070321, -0.65547849, -1.09379919],
[-0.26847025, 0.96060280, -1.18663505],
[0.11052379, -0.89611041, -0.08704107],
[0.62036077, 0.60438826, -0.55739307],
[-0.37097568, -0.67055302, 0.37611977],
[0.32677901, -0.62844962, 0.03189687],
[-0.08222953, 0.52066748, 0.10163347],
[-0.64824454, -1.10037256, -0.03415133],
[-1.01531001, 0.42923041, 0.68991267],
[0.48141316, 0.10978128, -0.11412643],
[-0.36952059, 0.10282666, 0.16193592],
[0.25751965, 0.65512199, 0.18935636],
[0.39197218, -0.05796135, -0.29020791],
[1.18255865, 0.05031316, -0.68735519],
[-0.26797847, -0.86781194, 0.20084116],
[0.52022195, 0.23165961, 0.73781753],
[-0.57160988, 0.52823092, 0.46488392],
[0.47529376, 0.50909305, -0.70374649],
[-0.16102174, -0.17957274, 0.10889268],
[-0.25645248, 0.12501023, -0.37384647],
[0.15721918, 0.78486378, -0.00236287],
[0.29576869, -0.23781617, 0.56684886],
[0.79857745, -0.19960796, 0.02047058],
[-0.21396927, -0.30111795, 0.14749917],
[0.20017337, 0.27965572, 0.28493948],
[-0.06516622, -0.37868570, -0.52546292],
energy off by 350 meV
12.59 for forces

traj[1]
potential energy calculated by DFT: -33072.41359989578
forces calculated by DFT:
[0.54904654, 0.37368601, 0.42755654],
[-0.43665885, -1.13995867, 0.01935221],
[0.02171200, -0.50712084, 0.73179005],
[0.70248514, 0.54560695, -0.42201566],
[-0.97965915, -0.18778374, -0.80652715],
[-2.08236288, 0.14403094, -0.35754482],
[0.26765164, 1.30481797, 0.96799133],
[-0.21201631, 1.20352584, -2.35605275],
[-1.74310411, -1.64559313, 0.83276947],
[-0.24887037, -0.66226382, -1.26225626],
[0.69982932, -0.91700563, -0.59508697],
[0.99629263, 0.31012157, 1.93068409],
[1.27292116, -0.65198970, 0.17734389],
[-0.15165030, 1.21133482, -0.16450500],
[-0.13372326, -0.29059999, -0.74575875],
[-0.27332943, 0.98179796, 0.58797289],
[1.07297562, -0.81540127, 1.67775215],
[-0.28743374, -0.27937785, 1.29682589],
[0.04815556, -0.98495239, -0.76935814],
[0.33907448, -0.33778906, -0.70545091],
[0.90489066, -1.07912280, -0.24826389],
[-0.13193589, -0.56346353, -0.06486788],
[-0.52251687, 0.40018849, 0.59185560],
[0.83820094, 0.16693782, -0.33505561],
[-0.70961854, 1.47704363, 0.27649262],
[-0.39676843, -0.14050537, 0.61672505],
[-0.10654489, -0.57362190, 0.04219292],
[0.39676600, 0.65015147, 0.02945579],
[0.35809486, -1.35813504, -0.16969433],
[-0.59820934, 0.29963590, 0.36117810],
[-0.19658863, 0.20373751, 0.25217888],
[-0.37446472, -0.26460263, -0.03430812],
[0.18438257, 1.06431373, -0.26675686],
[0.42512525, -0.18188370, -1.52950045],
[-0.43495125, -0.26503253, 0.03152795],
[-0.06085206, -0.03633998, -1.51914741],
[0.06838303, 0.78766149, -0.11828182],
[-0.19179938, -0.21371994, -0.54607579],
[0.09484820, 0.17184578, 0.51307893],
[-0.41118683, 0.49580493, -0.13727023],
[0.19227977, -0.01784439, 0.43745935],
[-0.16902872, 0.03490464, 0.15556153],
[0.80062928, 0.89309998, -0.37649519],
[-0.11291190, 0.22593913, 0.50712965],
[0.29290269, 0.08576566, 0.30713407],
[0.06967799, 0.21576443, 0.52802663],
[0.60886396, -0.05599133, 0.30248702],
[-0.23620906, -0.07581039, -0.07215645],
the energy here is already off by 300 meV
