1.7500 -0.2500
1.7525 -0.2500
1.7550 -0.2500
1.7575 -0.2500
1.7600 -0.2500
1.7625 -0.2500
1.7650 -0.2500
1.7675 -0.2500
1.7700 -0.2500
1.7725 -0.2500
1.7750 -0.2500
1.7775 -0.2500
1.7800 -0.2500
1.7825 -0.2500
1.7850 -0.2500
1.7875 -0.2500
1.7900 -0.2500
1.7925 -0.2500
1.7950 -0.2500
1.7975 -0.2500
1.8000 -0.2500
1.8025 -0.2500
1.8050 -0.2500
1.8075 -0.2500
1.8100 -0.2500
1.8125 -0.2500
1.8150 -0.2500
1.8175 -0.2500
1.8200 -0.2500
1.8225 -0.2500
1.8250 -0.2500
1.8275 -0.2500
1.8300 -0.2500
1.8325 -0.2500
1.8350 -0.2500
1.8375 -0.2500
1.8400 -0.2500
1.8425 -0.2500
1.8450 -0.2500
1.8475 -0.2500
1.8500 -0.2500
1.8525 -0.2500
1.8550 -0.2500
1.8575 -0.2500
1.8600 -0.2500
1.8625 -0.2500
1.8650 -0.2500
1.8675 -0.2500
1.8700 -0.2500
1.8725 -0.2500
1.8750 -0.2500
1.8775 -0.2500
1.8800 -0.2500
1.8825 -0.2500
1.8850 -0.2500
1.8875 -0.2500
1.8900 -0.2500
1.8925 -0.2500
1.8950 -0.2500
1.8975 -0.2500
1.9000 -0.2500
1.9025 -0.2500
1.9050 -0.2500
1.9075 -0.2500
1.9100 -0.2500
1.9125 -0.2500
1.9150 -0.2500
1.9175 -0.2500
1.9200 -0.2500
1.9225 -0.2500
1.9250 -0.2500
1.9275 -0.2500
1.9300 -0.2500
1.9325 -0.2500
1.9350 -0.2500
1.9375 -0.2500
1.9400 -0.2500
1.9425 -0.2500
1.9450 -0.2500
1.9475 -0.2500
1.9500 -0.2500
1.9525 -0.2500
1.9550 -0.2500
1.9575 -0.2500
1.9600 -0.2500
1.9625 -0.2500
1.9650 -0.2500
1.9675 -0.2500
1.9700 -0.2500
1.9725 -0.2500
1.9750 -0.2500
1.9775 -0.2500
1.9800 -0.2500
1.9825 -0.2500
1.9850 -0.2500
1.9875 -0.2500
1.9900 -0.2500
1.9925 -0.2500
1.9950 -0.2500
1.9975 -0.2500
2.0000 -0.2500
2.0025 -0.2500
2.0050 -0.2500
2.0075 -0.2500
2.0100 -0.2500
2.0125 -0.2500
2.0150 -0.2500
2.0175 -0.2500
2.0200 -0.2500
2.0225 -0.2500
2.0250 -0.2500
2.0275 -0.2500
2.0300 -0.2500
2.0325 -0.2500
2.0350 -0.2500
2.0375 -0.2500
2.0400 -0.2500
2.0425 -0.2500
2.0450 -0.2500
2.0475 -0.2500
2.0500 -0.2500
2.0525 -0.2500
2.0550 -0.2500
2.0575 -0.2500
2.0600 -0.2500
2.0625 -0.2500
2.0650 -0.2500
2.0675 -0.2500
2.0700 -0.2500
2.0725 -0.2500
2.0750 -0.2500
2.0775 -0.2500
2.0800 -0.2500
2.0825 -0.2500
2.0850 -0.2500
2.0875 -0.2500
2.0900 -0.2500
2.0925 -0.2500
2.0950 -0.2500
2.0975 -0.2500
2.1000 -0.2500
2.1025 -0.2500
2.1050 -0.2500
2.1075 -0.2500
2.1100 -0.2500
2.1125 -0.2500
2.1150 -0.2500
2.1175 -0.2500
2.1200 -0.2500
2.1225 -0.2500
2.1250 -0.2500
2.1275 -0.2500
2.1300 -0.2500
2.1325 -0.2500
2.1350 -0.2500
2.1375 -0.2500
2.1400 -0.2500
2.1425 -0.2500
2.1450 -0.2500
2.1475 -0.2500
2.1500 -0.2500
2.1525 -0.2500
2.1550 -0.2500
2.1575 -0.2500
2.1600 -0.2500
2.1625 -0.2500
2.1650 -0.2500
2.1675 -0.2500
2.1700 -0.2500
2.1725 -0.2500
2.1750 -0.2500
2.1775 -0.2500
2.1800 -0.2500
2.1825 -0.2500
2.1850 -0.2500
2.1875 -0.2500
2.1900 -0.2500
2.1925 -0.2500
2.1950 -0.2500
2.1975 -0.2500
2.2000 -0.2500
2.2025 -0.2500
2.2050 -0.2500
2.2075 -0.2500
2.2100 -0.2500
2.2125 -0.2500
2.2150 -0.2500
2.2175 -0.2500
2.2200 -0.2500
2.2225 -0.2500
2.2250 -0.2500
2.2275 -0.2500
2.2300 -0.2500
2.2325 -0.2500
2.2350 -0.2500
2.2375 -0.2500
2.2400 -0.2500
2.2425 -0.2500
2.2450 -0.2500
2.2475 -0.2500
2.2500 -0.2500
2.2500 -0.2525
2.2500 -0.2550
2.2500 -0.2575
2.2500 -0.2600
2.2500 -0.2625
2.2500 -0.2650
2.2500 -0.2675
2.2500 -0.2700
2.2500 -0.2725
2.2500 -0.2750
2.2500 -0.2775
2.2500 -0.2800
2.2500 -0.2825
2.2500 -0.2850
2.2500 -0.2875
2.2500 -0.2900
2.2500 -0.2925
2.2500 -0.2950
2.2500 -0.2975
2.2500 -0.3000
2.2500 -0.3025
2.2500 -0.3050
2.2500 -0.3075
2.2500 -0.3100
2.2500 -0.3125
2.2500 -0.3150
2.2500 -0.3175
2.2500 -0.3200
2.2500 -0.3225
2.2500 -0.3250
2.2500 -0.3275
2.2500 -0.3300
2.2500 -0.3325
2.2500 -0.3350
2.2500 -0.3375
2.2500 -0.3400
2.2500 -0.3425
2.2500 -0.3450
2.2500 -0.3475
2.2500 -0.3500
2.2500 -0.3525
2.2500 -0.3550
2.2500 -0.3575
2.2500 -0.3600
2.2500 -0.3625
2.2500 -0.3650
2.2500 -0.3675
2.2500 -0.3700
2.2500 -0.3725
2.2500 -0.3750
2.2500 -0.3775
2.2500 -0.3800
2.2500 -0.3825
2.2500 -0.3850
2.2500 -0.3875
2.2500 -0.3900
2.2500 -0.3925
2.2500 -0.3950
2.2500 -0.3975
2.2500 -0.4000
2.2500 -0.4025
2.2500 -0.4050
2.2500 -0.4075
2.2500 -0.4100
2.2500 -0.4125
2.2500 -0.4150
2.2500 -0.4175
2.2500 -0.4200
2.2500 -0.4225
2.2500 -0.4250
2.2500 -0.4275
2.2500 -0.4300
2.2500 -0.4325
2.2500 -0.4350
2.2500 -0.4375
2.2500 -0.4400
2.2500 -0.4425
2.2500 -0.4450
2.2500 -0.4475
2.2500 -0.4500
2.2500 -0.4525
2.2500 -0.4550
2.2500 -0.4575
2.2500 -0.4600
2.2500 -0.4625
2.2500 -0.4650
2.2500 -0.4675
2.2500 -0.4700
2.2500 -0.4725
2.2500 -0.4750
2.2500 -0.4775
2.2500 -0.4800
2.2500 -0.4825
2.2500 -0.4850
2.2500 -0.4875
2.2500 -0.4900
2.2500 -0.4925
2.2500 -0.4950
2.2500 -0.4975
2.2500 -0.5000
2.2500 -0.5025
2.2500 -0.5050
2.2500 -0.5075
2.2500 -0.5100
2.2500 -0.5125
2.2500 -0.5150
2.2500 -0.5175
2.2500 -0.5200
2.2500 -0.5225
2.2500 -0.5250
2.2500 -0.5275
2.2500 -0.5300
2.2500 -0.5325
2.2500 -0.5350
2.2500 -0.5375
2.2500 -0.5400
2.2500 -0.5425
2.2500 -0.5450
2.2500 -0.5475
2.2500 -0.5500
2.2500 -0.5525
2.2500 -0.5550
2.2500 -0.5575
2.2500 -0.5600
2.2500 -0.5625
2.2500 -0.5650
2.2500 -0.5675
2.2500 -0.5700
2.2500 -0.5725
2.2500 -0.5750
2.2500 -0.5775
2.2500 -0.5800
2.2500 -0.5825
2.2500 -0.5850
2.2500 -0.5875
2.2500 -0.5900
2.2500 -0.5925
2.2500 -0.5950
2.2500 -0.5975
2.2500 -0.6000
2.2500 -0.6025
2.2500 -0.6050
2.2500 -0.6075
2.2500 -0.6100
2.2500 -0.6125
2.2500 -0.6150
2.2500 -0.6175
2.2500 -0.6200
2.2500 -0.6225
2.2500 -0.6250
2.2500 -0.6275
2.2500 -0.6300
2.2500 -0.6325
2.2500 -0.6350
2.2500 -0.6375
2.2500 -0.6400
2.2500 -0.6425
2.2500 -0.6450
2.2500 -0.6475
2.2500 -0.6500
2.2500 -0.6525
2.2500 -0.6550
2.2500 -0.6575
2.2500 -0.6600
2.2500 -0.6625
2.2500 -0.6650
2.2500 -0.6675
2.2500 -0.6700
2.2500 -0.6725
2.2500 -0.6750
2.2500 -0.6775
2.2500 -0.6800
2.2500 -0.6825
2.2500 -0.6850
2.2500 -0.6875
2.2500 -0.6900
2.2500 -0.6925
2.2500 -0.6950
2.2500 -0.6975
2.2500 -0.7000
2.2500 -0.7025
2.2500 -0.7050
2.2500 -0.7075
2.2500 -0.7100
2.2500 -0.7125
2.2500 -0.7150
2.2500 -0.7175
2.2500 -0.7200
2.2500 -0.7225
2.2500 -0.7250
2.2500 -0.7275
2.2500 -0.7300
2.2500 -0.7325
2.2500 -0.7350
2.2500 -0.7375
2.2500 -0.7400
2.2500 -0.7425
2.2500 -0.7450
2.2500 -0.7475
2.2500 -0.7500
2.2475 -0.7500
2.2450 -0.7500
2.2425 -0.7500
2.2400 -0.7500
2.2375 -0.7500
2.2350 -0.7500
2.2325 -0.7500
2.2300 -0.7500
2.2275 -0.7500
2.2250 -0.7500
2.2225 -0.7500
2.2200 -0.7500
2.2175 -0.7500
2.2150 -0.7500
2.2125 -0.7500
2.2100 -0.7500
2.2075 -0.7500
2.2050 -0.7500
2.2025 -0.7500
2.2000 -0.7500
2.1975 -0.7500
2.1950 -0.7500
2.1925 -0.7500
2.1900 -0.7500
2.1875 -0.7500
2.1850 -0.7500
2.1825 -0.7500
2.1800 -0.7500
2.1775 -0.7500
2.1750 -0.7500
2.1725 -0.7500
2.1700 -0.7500
2.1675 -0.7500
2.1650 -0.7500
2.1625 -0.7500
2.1600 -0.7500
2.1575 -0.7500
2.1550 -0.7500
2.1525 -0.7500
2.1500 -0.7500
2.1475 -0.7500
2.1450 -0.7500
2.1425 -0.7500
2.1400 -0.7500
2.1375 -0.7500
2.1350 -0.7500
2.1325 -0.7500
2.1300 -0.7500
2.1275 -0.7500
2.1250 -0.7500
2.1225 -0.7500
2.1200 -0.7500
2.1175 -0.7500
2.1150 -0.7500
2.1125 -0.7500
2.1100 -0.7500
2.1075 -0.7500
2.1050 -0.7500
2.1025 -0.7500
2.1000 -0.7500
2.0975 -0.7500
2.0950 -0.7500
2.0925 -0.7500
2.0900 -0.7500
2.0875 -0.7500
2.0850 -0.7500
2.0825 -0.7500
2.0800 -0.7500
2.0775 -0.7500
2.0750 -0.7500
2.0725 -0.7500
2.0700 -0.7500
2.0675 -0.7500
2.0650 -0.7500
2.0625 -0.7500
2.0600 -0.7500
2.0575 -0.7500
2.0550 -0.7500
2.0525 -0.7500
2.0500 -0.7500
2.0475 -0.7500
2.0450 -0.7500
2.0425 -0.7500
2.0400 -0.7500
2.0375 -0.7500
2.0350 -0.7500
2.0325 -0.7500
2.0300 -0.7500
2.0275 -0.7500
2.0250 -0.7500
2.0225 -0.7500
2.0200 -0.7500
2.0175 -0.7500
2.0150 -0.7500
2.0125 -0.7500
2.0100 -0.7500
2.0075 -0.7500
2.0050 -0.7500
2.0025 -0.7500
2.0000 -0.7500
1.9975 -0.7500
1.9950 -0.7500
1.9925 -0.7500
1.9900 -0.7500
1.9875 -0.7500
1.9850 -0.7500
1.9825 -0.7500
1.9800 -0.7500
1.9775 -0.7500
1.9750 -0.7500
1.9725 -0.7500
1.9700 -0.7500
1.9675 -0.7500
1.9650 -0.7500
1.9625 -0.7500
1.9600 -0.7500
1.9575 -0.7500
1.9550 -0.7500
1.9525 -0.7500
1.9500 -0.7500
1.9475 -0.7500
1.9450 -0.7500
1.9425 -0.7500
1.9400 -0.7500
1.9375 -0.7500
1.9350 -0.7500
1.9325 -0.7500
1.9300 -0.7500
1.9275 -0.7500
1.9250 -0.7500
1.9225 -0.7500
1.9200 -0.7500
1.9175 -0.7500
1.9150 -0.7500
1.9125 -0.7500
1.9100 -0.7500
1.9075 -0.7500
1.9050 -0.7500
1.9025 -0.7500
1.9000 -0.7500
1.8975 -0.7500
1.8950 -0.7500
1.8925 -0.7500
1.8900 -0.7500
1.8875 -0.7500
1.8850 -0.7500
1.8825 -0.7500
1.8800 -0.7500
1.8775 -0.7500
1.8750 -0.7500
1.8725 -0.7500
1.8700 -0.7500
1.8675 -0.7500
1.8650 -0.7500
1.8625 -0.7500
1.8600 -0.7500
1.8575 -0.7500
1.8550 -0.7500
1.8525 -0.7500
1.8500 -0.7500
1.8475 -0.7500
1.8450 -0.7500
1.8425 -0.7500
1.8400 -0.7500
1.8375 -0.7500
1.8350 -0.7500
1.8325 -0.7500
1.8300 -0.7500
1.8275 -0.7500
1.8250 -0.7500
1.8225 -0.7500
1.8200 -0.7500
1.8175 -0.7500
1.8150 -0.7500
1.8125 -0.7500
1.8100 -0.7500
1.8075 -0.7500
1.8050 -0.7500
1.8025 -0.7500
1.8000 -0.7500
1.7975 -0.7500
1.7950 -0.7500
1.7925 -0.7500
1.7900 -0.7500
1.7875 -0.7500
1.7850 -0.7500
1.7825 -0.7500
1.7800 -0.7500
1.7775 -0.7500
1.7750 -0.7500
1.7725 -0.7500
1.7700 -0.7500
1.7675 -0.7500
1.7650 -0.7500
1.7625 -0.7500
1.7600 -0.7500
1.7575 -0.7500
1.7550 -0.7500
1.7525 -0.7500
1.7500 -0.7500
1.7500 -0.7475
1.7500 -0.7450
1.7500 -0.7425
1.7500 -0.7400
1.7500 -0.7375
1.7500 -0.7350
1.7500 -0.7325
1.7500 -0.7300
1.7500 -0.7275
1.7500 -0.7250
1.7500 -0.7225
1.7500 -0.7200
1.7500 -0.7175
1.7500 -0.7150
1.7500 -0.7125
1.7500 -0.7100
1.7500 -0.7075
1.7500 -0.7050
1.7500 -0.7025
1.7500 -0.7000
1.7500 -0.6975
1.7500 -0.6950
1.7500 -0.6925
1.7500 -0.6900
1.7500 -0.6875
1.7500 -0.6850
1.7500 -0.6825
1.7500 -0.6800
1.7500 -0.6775
1.7500 -0.6750
1.7500 -0.6725
1.7500 -0.6700
1.7500 -0.6675
1.7500 -0.6650
1.7500 -0.6625
1.7500 -0.6600
1.7500 -0.6575
1.7500 -0.6550
1.7500 -0.6525
1.7500 -0.6500
1.7500 -0.6475
1.7500 -0.6450
1.7500 -0.6425
1.7500 -0.6400
1.7500 -0.6375
1.7500 -0.6350
1.7500 -0.6325
1.7500 -0.6300
1.7500 -0.6275
1.7500 -0.6250
1.7500 -0.6225
1.7500 -0.6200
1.7500 -0.6175
1.7500 -0.6150
1.7500 -0.6125
1.7500 -0.6100
1.7500 -0.6075
1.7500 -0.6050
1.7500 -0.6025
1.7500 -0.6000
1.7500 -0.5975
1.7500 -0.5950
1.7500 -0.5925
1.7500 -0.5900
1.7500 -0.5875
1.7500 -0.5850
1.7500 -0.5825
1.7500 -0.5800
1.7500 -0.5775
1.7500 -0.5750
1.7500 -0.5725
1.7500 -0.5700
1.7500 -0.5675
1.7500 -0.5650
1.7500 -0.5625
1.7500 -0.5600
1.7500 -0.5575
1.7500 -0.5550
1.7500 -0.5525
1.7500 -0.5500
1.7500 -0.5475
1.7500 -0.5450
1.7500 -0.5425
1.7500 -0.5400
1.7500 -0.5375
1.7500 -0.5350
1.7500 -0.5325
1.7500 -0.5300
1.7500 -0.5275
1.7500 -0.5250
1.7500 -0.5225
1.7500 -0.5200
1.7500 -0.5175
1.7500 -0.5150
1.7500 -0.5125
1.7500 -0.5100
1.7500 -0.5075
1.7500 -0.5050
1.7500 -0.5025
1.7500 -0.5000
1.7500 -0.4975
1.7500 -0.4950
1.7500 -0.4925
1.7500 -0.4900
1.7500 -0.4875
1.7500 -0.4850
1.7500 -0.4825
1.7500 -0.4800
1.7500 -0.4775
1.7500 -0.4750
1.7500 -0.4725
1.7500 -0.4700
1.7500 -0.4675
1.7500 -0.4650
1.7500 -0.4625
1.7500 -0.4600
1.7500 -0.4575
1.7500 -0.4550
1.7500 -0.4525
1.7500 -0.4500
1.7500 -0.4475
1.7500 -0.4450
1.7500 -0.4425
1.7500 -0.4400
1.7500 -0.4375
1.7500 -0.4350
1.7500 -0.4325
1.7500 -0.4300
1.7500 -0.4275
1.7500 -0.4250
1.7500 -0.4225
1.7500 -0.4200
1.7500 -0.4175
1.7500 -0.4150
1.7500 -0.4125
1.7500 -0.4100
1.7500 -0.4075
1.7500 -0.4050
1.7500 -0.4025
1.7500 -0.4000
1.7500 -0.3975
1.7500 -0.3950
1.7500 -0.3925
1.7500 -0.3900
1.7500 -0.3875
1.7500 -0.3850
1.7500 -0.3825
1.7500 -0.3800
1.7500 -0.3775
1.7500 -0.3750
1.7500 -0.3725
1.7500 -0.3700
1.7500 -0.3675
1.7500 -0.3650
1.7500 -0.3625
1.7500 -0.3600
1.7500 -0.3575
1.7500 -0.3550
1.7500 -0.3525
1.7500 -0.3500
1.7500 -0.3475
1.7500 -0.3450
1.7500 -0.3425
1.7500 -0.3400
1.7500 -0.3375
1.7500 -0.3350
1.7500 -0.3325
1.7500 -0.3300
1.7500 -0.3275
1.7500 -0.3250
1.7500 -0.3225
1.7500 -0.3200
1.7500 -0.3175
1.7500 -0.3150
1.7500 -0.3125
1.7500 -0.3100
1.7500 -0.3075
1.7500 -0.3050
1.7500 -0.3025
1.7500 -0.3000
1.7500 -0.2975
1.7500 -0.2950
1.7500 -0.2925
1.7500 -0.2900
1.7500 -0.2875
1.7500 -0.2850
1.7500 -0.2825
1.7500 -0.2800
1.7500 -0.2775
1.7500 -0.2750
1.7500 -0.2725
1.7500 -0.2700
1.7500 -0.2675
1.7500 -0.2650
1.7500 -0.2625
1.7500 -0.2600
1.7500 -0.2575
1.7500 -0.2550
1.7500 -0.2525
