1.7500 -0.7500
1.7500 -0.7475
1.7500 -0.7450
1.7500 -0.7425
1.7500 -0.7400
1.7500 -0.7375
1.7500 -0.7350
1.7500 -0.7325
1.7500 -0.7300
1.7500 -0.7275
1.7500 -0.7250
1.7500 -0.7225
1.7500 -0.7200
1.7500 -0.7175
1.7500 -0.7150
1.7500 -0.7125
1.7500 -0.7100
1.7500 -0.7075
1.7500 -0.7050
1.7500 -0.7025
1.7500 -0.7000
1.7500 -0.6975
1.7500 -0.6950
1.7500 -0.6925
1.7500 -0.6900
1.7500 -0.6875
1.7500 -0.6850
1.7500 -0.6825
1.7500 -0.6800
1.7500 -0.6775
1.7500 -0.6750
1.7500 -0.6725
1.7500 -0.6700
1.7500 -0.6675
1.7500 -0.6650
1.7500 -0.6625
1.7500 -0.6600
1.7500 -0.6575
1.7500 -0.6550
1.7500 -0.6525
1.7500 -0.6500
1.7500 -0.6475
1.7500 -0.6450
1.7500 -0.6425
1.7500 -0.6400
1.7500 -0.6375
1.7500 -0.6350
1.7500 -0.6325
1.7500 -0.6300
1.7500 -0.6275
1.7500 -0.6250
1.7500 -0.6225
1.7500 -0.6200
1.7500 -0.6175
1.7500 -0.6150
1.7500 -0.6125
1.7500 -0.6100
1.7500 -0.6075
1.7500 -0.6050
1.7500 -0.6025
1.7500 -0.6000
1.7500 -0.5975
1.7500 -0.5950
1.7500 -0.5925
1.7500 -0.5900
1.7500 -0.5875
1.7500 -0.5850
1.7500 -0.5825
1.7500 -0.5800
1.7500 -0.5775
1.7500 -0.5750
1.7500 -0.5725
1.7500 -0.5700
1.7500 -0.5675
1.7500 -0.5650
1.7500 -0.5625
1.7500 -0.5600
1.7500 -0.5575
1.7500 -0.5550
1.7500 -0.5525
1.7500 -0.5500
1.7500 -0.5475
1.7500 -0.5450
1.7500 -0.5425
1.7500 -0.5400
1.7500 -0.5375
1.7500 -0.5350
1.7500 -0.5325
1.7500 -0.5300
1.7500 -0.5275
1.7500 -0.5250
1.7500 -0.5225
1.7500 -0.5200
1.7500 -0.5175
1.7500 -0.5150
1.7500 -0.5125
1.7500 -0.5100
1.7500 -0.5075
1.7500 -0.5050
1.7500 -0.5025
1.7500 -0.5000
1.7500 -0.4975
1.7500 -0.4950
1.7500 -0.4925
1.7500 -0.4900
1.7500 -0.4875
1.7500 -0.4850
1.7500 -0.4825
1.7500 -0.4800
1.7500 -0.4775
1.7500 -0.4750
1.7500 -0.4725
1.7500 -0.4700
1.7500 -0.4675
1.7500 -0.4650
1.7500 -0.4625
1.7500 -0.4600
1.7500 -0.4575
1.7500 -0.4550
1.7500 -0.4525
1.7500 -0.4500
1.7500 -0.4475
1.7500 -0.4450
1.7500 -0.4425
1.7500 -0.4400
1.7500 -0.4375
1.7500 -0.4350
1.7500 -0.4325
1.7500 -0.4300
1.7500 -0.4275
1.7500 -0.4250
1.7500 -0.4225
1.7500 -0.4200
1.7500 -0.4175
1.7500 -0.4150
1.7500 -0.4125
1.7500 -0.4100
1.7500 -0.4075
1.7500 -0.4050
1.7500 -0.4025
1.7500 -0.4000
1.7500 -0.3975
1.7500 -0.3950
1.7500 -0.3925
1.7500 -0.3900
1.7500 -0.3875
1.7500 -0.3850
1.7500 -0.3825
1.7500 -0.3800
1.7500 -0.3775
1.7500 -0.3750
1.7500 -0.3725
1.7500 -0.3700
1.7500 -0.3675
1.7500 -0.3650
1.7500 -0.3625
1.7500 -0.3600
1.7500 -0.3575
1.7500 -0.3550
1.7500 -0.3525
1.7500 -0.3500
1.7500 -0.3475
1.7500 -0.3450
1.7500 -0.3425
1.7500 -0.3400
1.7500 -0.3375
1.7500 -0.3350
1.7500 -0.3325
1.7500 -0.3300
1.7500 -0.3275
1.7500 -0.3250
1.7500 -0.3225
1.7500 -0.3200
1.7500 -0.3175
1.7500 -0.3150
1.7500 -0.3125
1.7500 -0.3100
1.7500 -0.3075
1.7500 -0.3050
1.7500 -0.3025
1.7500 -0.3000
1.7500 -0.2975
1.7500 -0.2950
1.7500 -0.2925
1.7500 -0.2900
1.7500 -0.2875
1.7500 -0.2850
1.7500 -0.2825
1.7500 -0.2800
1.7500 -0.2775
1.7500 -0.2750
1.7500 -0.2725
1.7500 -0.2700
1.7500 -0.2675
1.7500 -0.2650
1.7500 -0.2625
1.7500 -0.2600
1.7500 -0.2575
1.7500 -0.2550
1.7500 -0.2525
