2.2500 -0.7500
2.2475 -0.7500
2.2450 -0.7500
2.2425 -0.7500
2.2400 -0.7500
2.2375 -0.7500
2.2350 -0.7500
2.2325 -0.7500
2.2300 -0.7500
2.2275 -0.7500
2.2250 -0.7500
2.2225 -0.7500
2.2200 -0.7500
2.2175 -0.7500
2.2150 -0.7500
2.2125 -0.7500
2.2100 -0.7500
2.2075 -0.7500
2.2050 -0.7500
2.2025 -0.7500
2.2000 -0.7500
2.1975 -0.7500
2.1950 -0.7500
2.1925 -0.7500
2.1900 -0.7500
2.1875 -0.7500
2.1850 -0.7500
2.1825 -0.7500
2.1800 -0.7500
2.1775 -0.7500
2.1750 -0.7500
2.1725 -0.7500
2.1700 -0.7500
2.1675 -0.7500
2.1650 -0.7500
2.1625 -0.7500
2.1600 -0.7500
2.1575 -0.7500
2.1550 -0.7500
2.1525 -0.7500
2.1500 -0.7500
2.1475 -0.7500
2.1450 -0.7500
2.1425 -0.7500
2.1400 -0.7500
2.1375 -0.7500
2.1350 -0.7500
2.1325 -0.7500
2.1300 -0.7500
2.1275 -0.7500
2.1250 -0.7500
2.1225 -0.7500
2.1200 -0.7500
2.1175 -0.7500
2.1150 -0.7500
2.1125 -0.7500
2.1100 -0.7500
2.1075 -0.7500
2.1050 -0.7500
2.1025 -0.7500
2.1000 -0.7500
2.0975 -0.7500
2.0950 -0.7500
2.0925 -0.7500
2.0900 -0.7500
2.0875 -0.7500
2.0850 -0.7500
2.0825 -0.7500
2.0800 -0.7500
2.0775 -0.7500
2.0750 -0.7500
2.0725 -0.7500
2.0700 -0.7500
2.0675 -0.7500
2.0650 -0.7500
2.0625 -0.7500
2.0600 -0.7500
2.0575 -0.7500
2.0550 -0.7500
2.0525 -0.7500
2.0500 -0.7500
2.0475 -0.7500
2.0450 -0.7500
2.0425 -0.7500
2.0400 -0.7500
2.0375 -0.7500
2.0350 -0.7500
2.0325 -0.7500
2.0300 -0.7500
2.0275 -0.7500
2.0250 -0.7500
2.0225 -0.7500
2.0200 -0.7500
2.0175 -0.7500
2.0150 -0.7500
2.0125 -0.7500
2.0100 -0.7500
2.0075 -0.7500
2.0050 -0.7500
2.0025 -0.7500
2.0000 -0.7500
1.9975 -0.7500
1.9950 -0.7500
1.9925 -0.7500
1.9900 -0.7500
1.9875 -0.7500
1.9850 -0.7500
1.9825 -0.7500
1.9800 -0.7500
1.9775 -0.7500
1.9750 -0.7500
1.9725 -0.7500
1.9700 -0.7500
1.9675 -0.7500
1.9650 -0.7500
1.9625 -0.7500
1.9600 -0.7500
1.9575 -0.7500
1.9550 -0.7500
1.9525 -0.7500
1.9500 -0.7500
1.9475 -0.7500
1.9450 -0.7500
1.9425 -0.7500
1.9400 -0.7500
1.9375 -0.7500
1.9350 -0.7500
1.9325 -0.7500
1.9300 -0.7500
1.9275 -0.7500
1.9250 -0.7500
1.9225 -0.7500
1.9200 -0.7500
1.9175 -0.7500
1.9150 -0.7500
1.9125 -0.7500
1.9100 -0.7500
1.9075 -0.7500
1.9050 -0.7500
1.9025 -0.7500
1.9000 -0.7500
1.8975 -0.7500
1.8950 -0.7500
1.8925 -0.7500
1.8900 -0.7500
1.8875 -0.7500
1.8850 -0.7500
1.8825 -0.7500
1.8800 -0.7500
1.8775 -0.7500
1.8750 -0.7500
1.8725 -0.7500
1.8700 -0.7500
1.8675 -0.7500
1.8650 -0.7500
1.8625 -0.7500
1.8600 -0.7500
1.8575 -0.7500
1.8550 -0.7500
1.8525 -0.7500
1.8500 -0.7500
1.8475 -0.7500
1.8450 -0.7500
1.8425 -0.7500
1.8400 -0.7500
1.8375 -0.7500
1.8350 -0.7500
1.8325 -0.7500
1.8300 -0.7500
1.8275 -0.7500
1.8250 -0.7500
1.8225 -0.7500
1.8200 -0.7500
1.8175 -0.7500
1.8150 -0.7500
1.8125 -0.7500
1.8100 -0.7500
1.8075 -0.7500
1.8050 -0.7500
1.8025 -0.7500
1.8000 -0.7500
1.7975 -0.7500
1.7950 -0.7500
1.7925 -0.7500
1.7900 -0.7500
1.7875 -0.7500
1.7850 -0.7500
1.7825 -0.7500
1.7800 -0.7500
1.7775 -0.7500
1.7750 -0.7500
1.7725 -0.7500
1.7700 -0.7500
1.7675 -0.7500
1.7650 -0.7500
1.7625 -0.7500
1.7600 -0.7500
1.7575 -0.7500
1.7550 -0.7500
1.7525 -0.7500
