2.5000 -0.5000
2.5000 -0.4937
2.4998 -0.4874
2.4996 -0.4812
2.4994 -0.4749
2.4990 -0.4686
2.4986 -0.4623
2.4981 -0.4561
2.4975 -0.4498
2.4968 -0.4436
2.4961 -0.4373
2.4952 -0.4311
2.4943 -0.4249
2.4933 -0.4187
2.4923 -0.4125
2.4911 -0.4063
2.4899 -0.4001
2.4886 -0.3940
2.4873 -0.3879
2.4858 -0.3818
2.4843 -0.3757
2.4827 -0.3696
2.4810 -0.3635
2.4793 -0.3575
2.4774 -0.3515
2.4755 -0.3455
2.4735 -0.3395
2.4715 -0.3336
2.4694 -0.3277
2.4672 -0.3218
2.4649 -0.3159
2.4625 -0.3101
2.4601 -0.3043
2.4576 -0.2985
2.4551 -0.2928
2.4524 -0.2871
2.4497 -0.2814
2.4469 -0.2758
2.4441 -0.2702
2.4411 -0.2646
2.4382 -0.2591
2.4351 -0.2536
2.4320 -0.2482
2.4288 -0.2428
2.4255 -0.2374
2.4222 -0.2321
2.4188 -0.2268
2.4153 -0.2216
2.4118 -0.2164
2.4082 -0.2112
2.4045 -0.2061
2.4008 -0.2010
2.3970 -0.1960
2.3931 -0.1911
2.3892 -0.1862
2.3853 -0.1813
2.3812 -0.1765
2.3771 -0.1717
2.3730 -0.1670
2.3688 -0.1623
2.3645 -0.1577
2.3602 -0.1532
2.3558 -0.1487
2.3513 -0.1442
2.3468 -0.1398
2.3423 -0.1355
2.3377 -0.1312
2.3330 -0.1270
2.3283 -0.1229
2.3235 -0.1188
2.3187 -0.1147
2.3138 -0.1108
2.3089 -0.1069
2.3040 -0.1030
2.2990 -0.0992
2.2939 -0.0955
2.2888 -0.0918
2.2836 -0.0882
2.2784 -0.0847
2.2732 -0.0812
2.2679 -0.0778
2.2626 -0.0745
2.2572 -0.0712
2.2518 -0.0680
2.2464 -0.0649
2.2409 -0.0618
2.2354 -0.0589
2.2298 -0.0559
2.2242 -0.0531
2.2186 -0.0503
2.2129 -0.0476
2.2072 -0.0449
2.2015 -0.0424
2.1957 -0.0399
2.1899 -0.0375
2.1841 -0.0351
2.1782 -0.0328
2.1723 -0.0306
2.1664 -0.0285
2.1605 -0.0265
2.1545 -0.0245
2.1485 -0.0226
2.1425 -0.0207
2.1365 -0.0190
2.1304 -0.0173
2.1243 -0.0157
2.1182 -0.0142
2.1121 -0.0127
2.1060 -0.0114
2.0999 -0.0101
2.0937 -0.0089
2.0875 -0.0077
2.0813 -0.0067
2.0751 -0.0057
2.0689 -0.0048
2.0627 -0.0039
2.0564 -0.0032
2.0502 -0.0025
2.0439 -0.0019
2.0377 -0.0014
2.0314 -0.0010
2.0251 -0.0006
2.0188 -0.0004
2.0126 -0.0002
2.0063 0.0000
2.0000 0.0000
1.9937 0.0000
1.9874 -0.0002
1.9812 -0.0004
1.9749 -0.0006
1.9686 -0.0010
1.9623 -0.0014
1.9561 -0.0019
1.9498 -0.0025
1.9436 -0.0032
1.9373 -0.0039
1.9311 -0.0048
1.9249 -0.0057
1.9187 -0.0067
1.9125 -0.0077
1.9063 -0.0089
1.9001 -0.0101
1.8940 -0.0114
1.8879 -0.0127
1.8818 -0.0142
1.8757 -0.0157
1.8696 -0.0173
1.8635 -0.0190
1.8575 -0.0207
1.8515 -0.0226
1.8455 -0.0245
1.8395 -0.0265
1.8336 -0.0285
1.8277 -0.0306
1.8218 -0.0328
1.8159 -0.0351
1.8101 -0.0375
1.8043 -0.0399
1.7985 -0.0424
1.7928 -0.0449
1.7871 -0.0476
1.7814 -0.0503
1.7758 -0.0531
1.7702 -0.0559
1.7646 -0.0589
1.7591 -0.0618
1.7536 -0.0649
1.7482 -0.0680
1.7428 -0.0712
1.7374 -0.0745
1.7321 -0.0778
1.7268 -0.0812
1.7216 -0.0847
1.7164 -0.0882
1.7112 -0.0918
1.7061 -0.0955
1.7010 -0.0992
1.6960 -0.1030
1.6911 -0.1069
1.6862 -0.1108
1.6813 -0.1147
1.6765 -0.1188
1.6717 -0.1229
1.6670 -0.1270
1.6623 -0.1312
1.6577 -0.1355
1.6532 -0.1398
1.6487 -0.1442
1.6442 -0.1487
1.6398 -0.1532
1.6355 -0.1577
1.6312 -0.1623
1.6270 -0.1670
1.6229 -0.1717
1.6188 -0.1765
1.6147 -0.1813
1.6108 -0.1862
1.6069 -0.1911
1.6030 -0.1960
1.5992 -0.2010
1.5955 -0.2061
1.5918 -0.2112
1.5882 -0.2164
1.5847 -0.2216
1.5812 -0.2268
1.5778 -0.2321
1.5745 -0.2374
1.5712 -0.2428
1.5680 -0.2482
1.5649 -0.2536
1.5618 -0.2591
1.5589 -0.2646
1.5559 -0.2702
1.5531 -0.2758
1.5503 -0.2814
1.5476 -0.2871
1.5449 -0.2928
1.5424 -0.2985
1.5399 -0.3043
1.5375 -0.3101
1.5351 -0.3159
1.5328 -0.3218
1.5306 -0.3277
1.5285 -0.3336
1.5265 -0.3395
1.5245 -0.3455
1.5226 -0.3515
1.5207 -0.3575
1.5190 -0.3635
1.5173 -0.3696
1.5157 -0.3757
1.5142 -0.3818
1.5127 -0.3879
1.5114 -0.3940
1.5101 -0.4001
1.5089 -0.4063
1.5077 -0.4125
1.5067 -0.4187
1.5057 -0.4249
1.5048 -0.4311
1.5039 -0.4373
1.5032 -0.4436
1.5025 -0.4498
1.5019 -0.4561
1.5014 -0.4623
1.5010 -0.4686
1.5006 -0.4749
1.5004 -0.4812
1.5002 -0.4874
1.5000 -0.4937
1.5000 -0.5000
1.5000 -0.5063
1.5002 -0.5126
1.5004 -0.5188
1.5006 -0.5251
1.5010 -0.5314
1.5014 -0.5377
1.5019 -0.5439
1.5025 -0.5502
1.5032 -0.5564
1.5039 -0.5627
1.5048 -0.5689
1.5057 -0.5751
1.5067 -0.5813
1.5077 -0.5875
1.5089 -0.5937
1.5101 -0.5999
1.5114 -0.6060
1.5127 -0.6121
1.5142 -0.6182
1.5157 -0.6243
1.5173 -0.6304
1.5190 -0.6365
1.5207 -0.6425
1.5226 -0.6485
1.5245 -0.6545
1.5265 -0.6605
1.5285 -0.6664
1.5306 -0.6723
1.5328 -0.6782
1.5351 -0.6841
1.5375 -0.6899
1.5399 -0.6957
1.5424 -0.7015
1.5449 -0.7072
1.5476 -0.7129
1.5503 -0.7186
1.5531 -0.7242
1.5559 -0.7298
1.5589 -0.7354
1.5618 -0.7409
1.5649 -0.7464
1.5680 -0.7518
1.5712 -0.7572
1.5745 -0.7626
1.5778 -0.7679
1.5812 -0.7732
1.5847 -0.7784
1.5882 -0.7836
1.5918 -0.7888
1.5955 -0.7939
1.5992 -0.7990
1.6030 -0.8040
1.6069 -0.8089
1.6108 -0.8138
1.6147 -0.8187
1.6188 -0.8235
1.6229 -0.8283
1.6270 -0.8330
1.6312 -0.8377
1.6355 -0.8423
1.6398 -0.8468
1.6442 -0.8513
1.6487 -0.8558
1.6532 -0.8602
1.6577 -0.8645
1.6623 -0.8688
1.6670 -0.8730
1.6717 -0.8771
1.6765 -0.8812
1.6813 -0.8853
1.6862 -0.8892
1.6911 -0.8931
1.6960 -0.8970
1.7010 -0.9008
1.7061 -0.9045
1.7112 -0.9082
1.7164 -0.9118
1.7216 -0.9153
1.7268 -0.9188
1.7321 -0.9222
1.7374 -0.9255
1.7428 -0.9288
1.7482 -0.9320
1.7536 -0.9351
1.7591 -0.9382
1.7646 -0.9411
1.7702 -0.9441
1.7758 -0.9469
1.7814 -0.9497
1.7871 -0.9524
1.7928 -0.9551
1.7985 -0.9576
1.8043 -0.9601
1.8101 -0.9625
1.8159 -0.9649
1.8218 -0.9672
1.8277 -0.9694
1.8336 -0.9715
1.8395 -0.9735
1.8455 -0.9755
1.8515 -0.9774
1.8575 -0.9793
1.8635 -0.9810
1.8696 -0.9827
1.8757 -0.9843
1.8818 -0.9858
1.8879 -0.9873
1.8940 -0.9886
1.9001 -0.9899
1.9063 -0.9911
1.9125 -0.9923
1.9187 -0.9933
1.9249 -0.9943
1.9311 -0.9952
1.9373 -0.9961
1.9436 -0.9968
1.9498 -0.9975
1.9561 -0.9981
1.9623 -0.9986
1.9686 -0.9990
1.9749 -0.9994
1.9812 -0.9996
1.9874 -0.9998
1.9937 -1.0000
2.0000 -1.0000
2.0063 -1.0000
2.0126 -0.9998
2.0188 -0.9996
2.0251 -0.9994
2.0314 -0.9990
2.0377 -0.9986
2.0439 -0.9981
2.0502 -0.9975
2.0564 -0.9968
2.0627 -0.9961
2.0689 -0.9952
2.0751 -0.9943
2.0813 -0.9933
2.0875 -0.9923
2.0937 -0.9911
2.0999 -0.9899
2.1060 -0.9886
2.1121 -0.9873
2.1182 -0.9858
2.1243 -0.9843
2.1304 -0.9827
2.1365 -0.9810
2.1425 -0.9793
2.1485 -0.9774
2.1545 -0.9755
2.1605 -0.9735
2.1664 -0.9715
2.1723 -0.9694
2.1782 -0.9672
2.1841 -0.9649
2.1899 -0.9625
2.1957 -0.9601
2.2015 -0.9576
2.2072 -0.9551
2.2129 -0.9524
2.2186 -0.9497
2.2242 -0.9469
2.2298 -0.9441
2.2354 -0.9411
2.2409 -0.9382
2.2464 -0.9351
2.2518 -0.9320
2.2572 -0.9288
2.2626 -0.9255
2.2679 -0.9222
2.2732 -0.9188
2.2784 -0.9153
2.2836 -0.9118
2.2888 -0.9082
2.2939 -0.9045
2.2990 -0.9008
2.3040 -0.8970
2.3089 -0.8931
2.3138 -0.8892
2.3187 -0.8853
2.3235 -0.8812
2.3283 -0.8771
2.3330 -0.8730
2.3377 -0.8688
2.3423 -0.8645
2.3468 -0.8602
2.3513 -0.8558
2.3558 -0.8513
2.3602 -0.8468
2.3645 -0.8423
2.3688 -0.8377
2.3730 -0.8330
2.3771 -0.8283
2.3812 -0.8235
2.3853 -0.8187
2.3892 -0.8138
2.3931 -0.8089
2.3970 -0.8040
2.4008 -0.7990
2.4045 -0.7939
2.4082 -0.7888
2.4118 -0.7836
2.4153 -0.7784
2.4188 -0.7732
2.4222 -0.7679
2.4255 -0.7626
2.4288 -0.7572
2.4320 -0.7518
2.4351 -0.7464
2.4382 -0.7409
2.4411 -0.7354
2.4441 -0.7298
2.4469 -0.7242
2.4497 -0.7186
2.4524 -0.7129
2.4551 -0.7072
2.4576 -0.7015
2.4601 -0.6957
2.4625 -0.6899
2.4649 -0.6841
2.4672 -0.6782
2.4694 -0.6723
2.4715 -0.6664
2.4735 -0.6605
2.4755 -0.6545
2.4774 -0.6485
2.4793 -0.6425
2.4810 -0.6365
2.4827 -0.6304
2.4843 -0.6243
2.4858 -0.6182
2.4873 -0.6121
2.4886 -0.6060
2.4899 -0.5999
2.4911 -0.5937
2.4923 -0.5875
2.4933 -0.5813
2.4943 -0.5751
2.4952 -0.5689
2.4961 -0.5627
2.4968 -0.5564
2.4975 -0.5502
2.4981 -0.5439
2.4986 -0.5377
2.4990 -0.5314
2.4994 -0.5251
2.4996 -0.5188
2.4998 -0.5126
2.5000 -0.5063