2.2500 -0.2500
2.2500 -0.2525
2.2500 -0.2550
2.2500 -0.2575
2.2500 -0.2600
2.2500 -0.2625
2.2500 -0.2650
2.2500 -0.2675
2.2500 -0.2700
2.2500 -0.2725
2.2500 -0.2750
2.2500 -0.2775
2.2500 -0.2800
2.2500 -0.2825
2.2500 -0.2850
2.2500 -0.2875
2.2500 -0.2900
2.2500 -0.2925
2.2500 -0.2950
2.2500 -0.2975
2.2500 -0.3000
2.2500 -0.3025
2.2500 -0.3050
2.2500 -0.3075
2.2500 -0.3100
2.2500 -0.3125
2.2500 -0.3150
2.2500 -0.3175
2.2500 -0.3200
2.2500 -0.3225
2.2500 -0.3250
2.2500 -0.3275
2.2500 -0.3300
2.2500 -0.3325
2.2500 -0.3350
2.2500 -0.3375
2.2500 -0.3400
2.2500 -0.3425
2.2500 -0.3450
2.2500 -0.3475
2.2500 -0.3500
2.2500 -0.3525
2.2500 -0.3550
2.2500 -0.3575
2.2500 -0.3600
2.2500 -0.3625
2.2500 -0.3650
2.2500 -0.3675
2.2500 -0.3700
2.2500 -0.3725
2.2500 -0.3750
2.2500 -0.3775
2.2500 -0.3800
2.2500 -0.3825
2.2500 -0.3850
2.2500 -0.3875
2.2500 -0.3900
2.2500 -0.3925
2.2500 -0.3950
2.2500 -0.3975
2.2500 -0.4000
2.2500 -0.4025
2.2500 -0.4050
2.2500 -0.4075
2.2500 -0.4100
2.2500 -0.4125
2.2500 -0.4150
2.2500 -0.4175
2.2500 -0.4200
2.2500 -0.4225
2.2500 -0.4250
2.2500 -0.4275
2.2500 -0.4300
2.2500 -0.4325
2.2500 -0.4350
2.2500 -0.4375
2.2500 -0.4400
2.2500 -0.4425
2.2500 -0.4450
2.2500 -0.4475
2.2500 -0.4500
2.2500 -0.4525
2.2500 -0.4550
2.2500 -0.4575
2.2500 -0.4600
2.2500 -0.4625
2.2500 -0.4650
2.2500 -0.4675
2.2500 -0.4700
2.2500 -0.4725
2.2500 -0.4750
2.2500 -0.4775
2.2500 -0.4800
2.2500 -0.4825
2.2500 -0.4850
2.2500 -0.4875
2.2500 -0.4900
2.2500 -0.4925
2.2500 -0.4950
2.2500 -0.4975
2.2500 -0.5000
2.2500 -0.5025
2.2500 -0.5050
2.2500 -0.5075
2.2500 -0.5100
2.2500 -0.5125
2.2500 -0.5150
2.2500 -0.5175
2.2500 -0.5200
2.2500 -0.5225
2.2500 -0.5250
2.2500 -0.5275
2.2500 -0.5300
2.2500 -0.5325
2.2500 -0.5350
2.2500 -0.5375
2.2500 -0.5400
2.2500 -0.5425
2.2500 -0.5450
2.2500 -0.5475
2.2500 -0.5500
2.2500 -0.5525
2.2500 -0.5550
2.2500 -0.5575
2.2500 -0.5600
2.2500 -0.5625
2.2500 -0.5650
2.2500 -0.5675
2.2500 -0.5700
2.2500 -0.5725
2.2500 -0.5750
2.2500 -0.5775
2.2500 -0.5800
2.2500 -0.5825
2.2500 -0.5850
2.2500 -0.5875
2.2500 -0.5900
2.2500 -0.5925
2.2500 -0.5950
2.2500 -0.5975
2.2500 -0.6000
2.2500 -0.6025
2.2500 -0.6050
2.2500 -0.6075
2.2500 -0.6100
2.2500 -0.6125
2.2500 -0.6150
2.2500 -0.6175
2.2500 -0.6200
2.2500 -0.6225
2.2500 -0.6250
2.2500 -0.6275
2.2500 -0.6300
2.2500 -0.6325
2.2500 -0.6350
2.2500 -0.6375
2.2500 -0.6400
2.2500 -0.6425
2.2500 -0.6450
2.2500 -0.6475
2.2500 -0.6500
2.2500 -0.6525
2.2500 -0.6550
2.2500 -0.6575
2.2500 -0.6600
2.2500 -0.6625
2.2500 -0.6650
2.2500 -0.6675
2.2500 -0.6700
2.2500 -0.6725
2.2500 -0.6750
2.2500 -0.6775
2.2500 -0.6800
2.2500 -0.6825
2.2500 -0.6850
2.2500 -0.6875
2.2500 -0.6900
2.2500 -0.6925
2.2500 -0.6950
2.2500 -0.6975
2.2500 -0.7000
2.2500 -0.7025
2.2500 -0.7050
2.2500 -0.7075
2.2500 -0.7100
2.2500 -0.7125
2.2500 -0.7150
2.2500 -0.7175
2.2500 -0.7200
2.2500 -0.7225
2.2500 -0.7250
2.2500 -0.7275
2.2500 -0.7300
2.2500 -0.7325
2.2500 -0.7350
2.2500 -0.7375
2.2500 -0.7400
2.2500 -0.7425
2.2500 -0.7450
2.2500 -0.7475
